Year,Number of infant deaths,Number of neonatal deaths,Number of under-five deaths
1980,1930,1156,2599
1981,1938,1156,2595
1982,1939,1150,2582
1983,1933,1135,2562
1984,1925,1119,2539
1985,1913,1098,2511
1986,1897,1073,2479
1987,1877,1045,2441
1988,1848,1014,2394
1989,1816,983,2344
1990,1779,949,2287
1991,1733,914,2220
1992,1681,876,2146
1993,1612,830,2053
1994,1533,787,1948
1995,1464,757,1853
1996,1406,731,1770
1997,1353,704,1692
1998,1298,682,1614
1999,1247,664,1543
2000,1210,657,1487
2001,1183,651,1443
2002,1157,645,1402
2003,1131,641,1362
2004,1107,639,1327
2005,1092,642,1302
2006,1079,641,1279
2007,1061,639,1253
2008,1048,639,1232
2009,1042,644,1218
2010,1040,648,1209
2011,1039,649,1203
2012,1034,645,1193
2013,1024,638,1178
2014,1013,630,1163
2015,1002,623,1147
2016,986,612,1125
2017,967,599,1101
2018,951,592,1078
2019,938,584,1058
2020,923,576,1037
